{
 "cells": [
  {
   "cell_type": "code",
   "execution_count": 459,
   "metadata": {},
   "outputs": [],
   "source": [
    "from environment import Environment, FixedBudgetEnvironment\n",
    "import matplotlib.pyplot as plt\n",
    "import math\n",
    "import numpy as np\n",
    "from game import SumUnanimityGames, GlobalFeatureImportance, LocalFeatureImportance, UnsupervisedFeatureImportance, TestGame\n",
    "from plot import plot_order\n",
    "from util import *"
   ]
  },
  {
   "cell_type": "code",
   "execution_count": 460,
   "metadata": {},
   "outputs": [
    {
     "name": "stdout",
     "output_type": "stream",
     "text": [
      "The autoreload extension is already loaded. To reload it, use:\n",
      "  %reload_ext autoreload\n"
     ]
    }
   ],
   "source": [
    "from algorithms.CMCS import CMCS, CMCS_Dependent, CMCS_Independent, CMCS_Length\n",
    "from algorithms.GapE import GapE\n",
    "from algorithms.SAR import SAR\n",
    "from algorithms.ApproShapley import ApproShapley\n",
    "from algorithms.BUS import BUS\n",
    "from algorithms.HybridApproBUS import SmartHybridApproBUS\n",
    "from algorithms.SVARM import SVARM, StratSVARM\n",
    "from algorithms.ShapleySort import ShapleySort\n",
    "from algorithms.KernelSHAP import KernelSHAP\n",
    "%load_ext autoreload\n",
    "%autoreload 2\n",
    "%matplotlib inline"
   ]
  },
  {
   "cell_type": "code",
   "execution_count": 461,
   "metadata": {},
   "outputs": [],
   "source": [
    "n=15"
   ]
  },
  {
   "cell_type": "code",
   "execution_count": 462,
   "metadata": {},
   "outputs": [],
   "source": [
    "np.set_printoptions(formatter={'float': lambda x: \"{0:0.2f}\".format(x)})"
   ]
  },
  {
   "cell_type": "code",
   "execution_count": 463,
   "metadata": {},
   "outputs": [
    {
     "name": "stdout",
     "output_type": "stream",
     "text": [
      "[0.00 33408.28 33408.28 ... 42740.69 42740.69 42734.39]\n",
      "[6690.04 6690.04 2159.00 3901.99 2393.99 58.97 475.72 674.21 1000.65\n",
      " 2213.80 1700.79 -253.81 -1068.70 5445.86 10651.84] 42734.391623665346\n"
     ]
    }
   ],
   "source": [
    "filepath_global = \"datasets/Global feature importance/Bike sharing regression random forest.csv\"\n",
    "filepath_unsupervised = \"datasets/Unsupervised Feature Importance/vf_BigFive.csv\"\n",
    "directory_local = \"datasets/adult_classification\"\n",
    "game = GlobalFeatureImportance(filepath=filepath_global, num_players=n, use_cached=True)\n",
    "# game = LocalFeatureImportance(directory=directory_local, num_players=n)\n",
    "# game = UnsupervisedFeatureImportance(filepath=filepath_unsupervised, num_players=n)\n",
    "# game = SumUnanimityGames()\n",
    "# game = TestGame(n)\n",
    "game_name = game.name\n",
    "game_type = game.__class__.__name__"
   ]
  },
  {
   "cell_type": "code",
   "execution_count": 464,
   "metadata": {},
   "outputs": [],
   "source": [
    "# values, games = game.reindex_all()\n",
    "# num_games = len(games)\n",
    "# shapley_values, _ = game.get_all_phi(values)\n",
    "# shapley_values.shape"
   ]
  },
  {
   "cell_type": "code",
   "execution_count": 465,
   "metadata": {},
   "outputs": [],
   "source": [
    "values = game.values[np.newaxis, :]\n",
    "num_games = 1\n",
    "shapley_values = game.phi[np.newaxis, :]"
   ]
  },
  {
   "cell_type": "code",
   "execution_count": 466,
   "metadata": {},
   "outputs": [
    {
     "data": {
      "text/plain": [
       "(array([[150154739.40, 150154739.40, 24815052.59, 50770379.80,\n",
       "         32353399.90, 63660.49, 3181430.57, 2387697.99, 3148741.14,\n",
       "         26573558.49, 22781115.37, 21412549.28, 17931239.55, 64696268.66,\n",
       "         157485262.79]]),\n",
       " array([[[150154739.40, 122860268.22, 51008066.67, 70496133.44,\n",
       "          56726507.95, 1110470.93, 3192573.01, 1798344.49, 17678935.44,\n",
       "          50453623.16, 42428715.07, -23368157.00, -28825136.60,\n",
       "          82399102.66, 127456639.92],\n",
       "         [122860268.22, 150154739.40, 51008066.67, 70496133.44,\n",
       "          56726507.95, 1110470.93, 3192573.01, 1798344.49, 17678935.44,\n",
       "          50453623.16, 42428715.07, -23368157.00, -28825136.60,\n",
       "          82399102.66, 127456639.92],\n",
       "         [51008066.67, 51008066.67, 24815052.59, 28917699.71,\n",
       "          24932162.53, 472009.92, 796135.35, 252538.30, 6456475.08,\n",
       "          21887833.35, 18928097.07, -14746255.48, -13661123.15,\n",
       "          32324962.40, 51778179.92],\n",
       "         [70496133.44, 70496133.44, 28917699.71, 50770379.80,\n",
       "          32678695.82, 533658.35, 1379483.11, 1437896.64, 10480967.87,\n",
       "          28187465.94, 23834172.53, -10246864.01, -15507970.09,\n",
       "          47274545.10, 72911029.65],\n",
       "         [56726507.95, 56726507.95, 24932162.53, 32678695.82,\n",
       "          32353399.90, 631533.88, 872046.19, 619700.99, 7224588.55,\n",
       "          24746583.89, 21293498.70, -14894052.46, -13879606.71,\n",
       "          36460361.98, 57660098.03],\n",
       "         [1110470.93, 1110470.93, 472009.92, 533658.35, 631533.88,\n",
       "          63660.49, 224886.59, 137622.72, 56327.59, 596937.06, 547342.74,\n",
       "          -302758.69, 80187.27, 809833.50, 1034044.21],\n",
       "         [3192573.01, 3192573.01, 796135.35, 1379483.11, 872046.19,\n",
       "          224886.59, 3181430.57, 1982636.27, 34623.05, 2124482.61,\n",
       "          2564753.63, 1494067.52, 2133084.67, 4519193.10, 4463987.85],\n",
       "         [1798344.49, 1798344.49, 252538.30, 1437896.64, 619700.99,\n",
       "          137622.72, 1982636.27, 2387697.99, -39343.66, 834487.39,\n",
       "          1286149.72, 1135937.80, 1466417.64, 3420004.81, 3394381.03],\n",
       "         [17678935.44, 17678935.44, 6456475.08, 10480967.87, 7224588.55,\n",
       "          56327.59, 34623.05, -39343.66, 3148741.14, 6095548.45,\n",
       "          4879265.37, -2350635.83, -4586277.02, 10857462.84, 17367308.31],\n",
       "         [50453623.16, 50453623.16, 21887833.35, 28187465.94,\n",
       "          24746583.89, 596937.06, 2124482.61, 834487.39, 6095548.45,\n",
       "          26573558.49, 20453903.39, -8848391.89, -8603517.49,\n",
       "          33446300.84, 51001317.00],\n",
       "         [42428715.07, 42428715.07, 18928097.07, 23834172.53,\n",
       "          21293498.70, 547342.74, 2564753.63, 1286149.72, 4879265.37,\n",
       "          20453903.39, 22781115.37, -6489517.40, -5674714.04,\n",
       "          30017361.14, 44039432.28],\n",
       "         [-23368157.00, -23368157.00, -14746255.48, -10246864.01,\n",
       "          -14894052.46, -302758.69, 1494067.52, 1135937.80, -2350635.83,\n",
       "          -8848391.89, -6489517.40, 21412549.28, 12971010.48,\n",
       "          -11472707.44, -24785869.62],\n",
       "         [-28825136.60, -28825136.60, -13661123.15, -15507970.09,\n",
       "          -13879606.71, 80187.27, 2133084.67, 1466417.64, -4586277.02,\n",
       "          -8603517.49, -5674714.04, 12971010.48, 17931239.55,\n",
       "          -15101616.83, -29817306.47],\n",
       "         [82399102.66, 82399102.66, 32324962.40, 47274545.10,\n",
       "          36460361.98, 809833.50, 4519193.10, 3420004.81, 10857462.84,\n",
       "          33446300.84, 30017361.14, -11472707.44, -15101616.83,\n",
       "          64696268.66, 84087778.68],\n",
       "         [127456639.92, 127456639.92, 51778179.92, 72911029.65,\n",
       "          57660098.03, 1034044.21, 4463987.85, 3394381.03, 17367308.31,\n",
       "          51001317.00, 44039432.28, -24785869.62, -29817306.47,\n",
       "          84087778.68, 157485262.79]]]))"
      ]
     },
     "execution_count": 466,
     "metadata": {},
     "output_type": "execute_result"
    }
   ],
   "source": [
    "var = calc_variance(n, values, shapley_values)\n",
    "cov = calc_covariance(n, values, shapley_values)\n",
    "var, cov"
   ]
  },
  {
   "cell_type": "code",
   "execution_count": 467,
   "metadata": {},
   "outputs": [
    {
     "data": {
      "text/plain": [
       "(array([[[0.00, 54588942.35, 72953658.65, 59932852.32, 69055123.41,\n",
       "          147997458.03, 146951023.96, 148945748.40, 117945609.67,\n",
       "          75821051.56, 88078424.63, 218303602.68, 225736252.15,\n",
       "          50052802.73, 52726722.34],\n",
       "         [54588942.35, 0.00, 72953658.65, 59932852.32, 69055123.41,\n",
       "          147997458.03, 146951023.96, 148945748.40, 117945609.67,\n",
       "          75821051.56, 88078424.63, 218303602.68, 225736252.15,\n",
       "          50052802.73, 52726722.34],\n",
       "         [72953658.65, 72953658.65, 0.00, 17750032.96, 7304127.44,\n",
       "          23934693.24, 26404212.47, 26697673.98, 15050843.56, 7612944.38,\n",
       "          9739973.81, 75720112.84, 70068538.43, 24861396.45, 78743955.54],\n",
       "         [59932852.32, 59932852.32, 17750032.96, 0.00, 17766388.07,\n",
       "          49766723.58, 51192844.15, 50282284.51, 32957185.19,\n",
       "          20969006.41, 25883150.12, 92676657.10, 99717559.54,\n",
       "          20917558.26, 62433583.29],\n",
       "         [69055123.41, 69055123.41, 7304127.44, 17766388.07, 0.00,\n",
       "          31153992.63, 33790738.09, 33501695.91, 21052963.95, 9433790.61,\n",
       "          12547517.87, 83554054.09, 78043852.88, 24128944.60,\n",
       "          74518466.64],\n",
       "         [147997458.03, 147997458.03, 23934693.24, 49766723.58,\n",
       "          31153992.63, 0.00, 2795317.89, 2176113.04, 3099746.45,\n",
       "          25443344.87, 21750090.40, 22081727.15, 17834525.50,\n",
       "          63140262.15, 155480834.87],\n",
       "         [146951023.96, 146951023.96, 26404212.47, 51192844.15,\n",
       "          33790738.09, 2795317.89, 0.00, 1603856.02, 6260925.60,\n",
       "          25506023.83, 20833038.68, 21605844.81, 16846500.80,\n",
       "          58839313.03, 151738717.67],\n",
       "         [148945748.40, 148945748.40, 26697673.98, 50282284.51,\n",
       "          33501695.91, 2176113.04, 1603856.02, 0.00, 5615126.44,\n",
       "          27292281.69, 22596513.92, 21528371.67, 17386102.25,\n",
       "          60243957.03, 153084198.71],\n",
       "         [117945609.67, 117945609.67, 15050843.56, 32957185.19,\n",
       "          21052963.95, 3099746.45, 6260925.60, 5615126.44, 0.00,\n",
       "          17531202.73, 16171325.76, 29262562.08, 30252534.73,\n",
       "          46130084.13, 125899387.31],\n",
       "         [75821051.56, 75821051.56, 7612944.38, 20969006.41, 9433790.61,\n",
       "          25443344.87, 25506023.83, 27292281.69, 17531202.73, 0.00,\n",
       "          8446867.09, 65682891.55, 61711833.02, 24377225.47, 82056187.28],\n",
       "         [88078424.63, 88078424.63, 9739973.81, 25883150.12, 12547517.87,\n",
       "          21750090.40, 20833038.68, 22596513.92, 16171325.76, 8446867.09,\n",
       "          0.00, 57172699.44, 52061783.01, 27442661.75, 92187513.61],\n",
       "         [218303602.68, 218303602.68, 75720112.84, 92676657.10,\n",
       "          83554054.09, 22081727.15, 21605844.81, 21528371.67,\n",
       "          29262562.08, 65682891.55, 57172699.44, 0.00, 13401767.88,\n",
       "          109054232.82, 228469551.31],\n",
       "         [225736252.15, 225736252.15, 70068538.43, 99717559.54,\n",
       "          78043852.88, 17834525.50, 16846500.80, 17386102.25,\n",
       "          30252534.73, 61711833.02, 52061783.01, 13401767.88, 0.00,\n",
       "          112830741.87, 235051115.29],\n",
       "         [50052802.73, 50052802.73, 24861396.45, 20917558.26,\n",
       "          24128944.60, 63140262.15, 58839313.03, 60243957.03,\n",
       "          46130084.13, 24377225.47, 27442661.75, 109054232.82,\n",
       "          112830741.87, 0.00, 54005974.09],\n",
       "         [52726722.34, 52726722.34, 78743955.54, 62433583.29,\n",
       "          74518466.64, 155480834.87, 151738717.67, 153084198.71,\n",
       "          125899387.31, 82056187.28, 92187513.61, 228469551.31,\n",
       "          235051115.29, 54005974.09, 0.00]]]),\n",
       " array([[[300309478.80, 300309478.80, 174969791.99, 200925119.20,\n",
       "          182508139.30, 150218399.89, 153336169.97, 152542437.39,\n",
       "          153303480.54, 176728297.88, 172935854.77, 171567288.68,\n",
       "          168085978.95, 214851008.06, 307640002.19],\n",
       "         [300309478.80, 300309478.80, 174969791.99, 200925119.20,\n",
       "          182508139.30, 150218399.89, 153336169.97, 152542437.39,\n",
       "          153303480.54, 176728297.88, 172935854.77, 171567288.68,\n",
       "          168085978.95, 214851008.06, 307640002.19],\n",
       "         [174969791.99, 174969791.99, 49630105.18, 75585432.39,\n",
       "          57168452.49, 24878713.08, 27996483.16, 27202750.58,\n",
       "          27963793.73, 51388611.07, 47596167.96, 46227601.87,\n",
       "          42746292.14, 89511321.25, 182300315.38],\n",
       "         [200925119.20, 200925119.20, 75585432.39, 101540759.60,\n",
       "          83123779.70, 50834040.29, 53951810.37, 53158077.79,\n",
       "          53919120.94, 77343938.28, 73551495.17, 72182929.08,\n",
       "          68701619.35, 115466648.46, 208255642.59],\n",
       "         [182508139.30, 182508139.30, 57168452.49, 83123779.70,\n",
       "          64706799.81, 32417060.40, 35534830.48, 34741097.89,\n",
       "          35502141.04, 58926958.39, 55134515.28, 53765949.18,\n",
       "          50284639.46, 97049668.57, 189838662.69],\n",
       "         [150218399.89, 150218399.89, 24878713.08, 50834040.29,\n",
       "          32417060.40, 127320.99, 3245091.07, 2451358.48, 3212401.63,\n",
       "          26637218.98, 22844775.87, 21476209.77, 17994900.05,\n",
       "          64759929.16, 157548923.28],\n",
       "         [153336169.97, 153336169.97, 27996483.16, 53951810.37,\n",
       "          35534830.48, 3245091.07, 6362861.15, 5569128.56, 6330171.71,\n",
       "          29754989.06, 25962545.95, 24593979.85, 21112670.13,\n",
       "          67877699.24, 160666693.36],\n",
       "         [152542437.39, 152542437.39, 27202750.58, 53158077.79,\n",
       "          34741097.89, 2451358.48, 5569128.56, 4775395.97, 5536439.13,\n",
       "          28961256.47, 25168813.36, 23800247.27, 20318937.54,\n",
       "          67083966.65, 159872960.78],\n",
       "         [153303480.54, 153303480.54, 27963793.73, 53919120.94,\n",
       "          35502141.04, 3212401.63, 6330171.71, 5536439.13, 6297482.28,\n",
       "          29722299.63, 25929856.51, 24561290.42, 21079980.69,\n",
       "          67845009.80, 160634003.93],\n",
       "         [176728297.88, 176728297.88, 51388611.07, 77343938.28,\n",
       "          58926958.39, 26637218.98, 29754989.06, 28961256.47,\n",
       "          29722299.63, 53147116.97, 49354673.86, 47986107.76,\n",
       "          44504798.04, 91269827.15, 184058821.27],\n",
       "         [172935854.77, 172935854.77, 47596167.96, 73551495.17,\n",
       "          55134515.28, 22844775.87, 25962545.95, 25168813.36,\n",
       "          25929856.51, 49354673.86, 45562230.75, 44193664.65,\n",
       "          40712354.93, 87477384.04, 180266378.16],\n",
       "         [171567288.68, 171567288.68, 46227601.87, 72182929.08,\n",
       "          53765949.18, 21476209.77, 24593979.85, 23800247.27,\n",
       "          24561290.42, 47986107.76, 44193664.65, 42825098.56,\n",
       "          39343788.83, 86108817.94, 178897812.07],\n",
       "         [168085978.95, 168085978.95, 42746292.14, 68701619.35,\n",
       "          50284639.46, 17994900.05, 21112670.13, 20318937.54,\n",
       "          21079980.69, 44504798.04, 40712354.93, 39343788.83,\n",
       "          35862479.11, 82627508.22, 175416502.34],\n",
       "         [214851008.06, 214851008.06, 89511321.25, 115466648.46,\n",
       "          97049668.57, 64759929.16, 67877699.24, 67083966.65,\n",
       "          67845009.80, 91269827.15, 87477384.04, 86108817.94,\n",
       "          82627508.22, 129392537.33, 222181531.45],\n",
       "         [307640002.19, 307640002.19, 182300315.38, 208255642.59,\n",
       "          189838662.69, 157548923.28, 160666693.36, 159872960.78,\n",
       "          160634003.93, 184058821.27, 180266378.16, 178897812.07,\n",
       "          175416502.34, 222181531.45, 314970525.58]]]))"
      ]
     },
     "execution_count": 467,
     "metadata": {},
     "output_type": "execute_result"
    }
   ],
   "source": [
    "var_diff_independent = np.zeros_like(cov)\n",
    "var_diff_independent = var[:, :, np.newaxis] + var[:, np.newaxis, :]\n",
    "var_diff_dependent = var_diff_independent - 2 * cov\n",
    "var_diff_dependent, var_diff_independent"
   ]
  },
  {
   "cell_type": "code",
   "execution_count": 468,
   "metadata": {},
   "outputs": [
    {
     "data": {
      "text/plain": [
       "(1, 15, 15)"
      ]
     },
     "execution_count": 468,
     "metadata": {},
     "output_type": "execute_result"
    }
   ],
   "source": [
    "var_diff_dependent.shape"
   ]
  },
  {
   "cell_type": "code",
   "execution_count": 469,
   "metadata": {},
   "outputs": [
    {
     "data": {
      "text/plain": [
       "array([14,  1,  0, 13,  3,  4,  9,  2, 10,  8,  7,  6,  5, 11, 12],\n",
       "      dtype=int64)"
      ]
     },
     "execution_count": 469,
     "metadata": {},
     "output_type": "execute_result"
    }
   ],
   "source": [
    "sorted_indices = np.argsort(-shapley_values, axis=-1)\n",
    "sorted_indices[0]"
   ]
  },
  {
   "cell_type": "code",
   "execution_count": 470,
   "metadata": {},
   "outputs": [
    {
     "data": {
      "text/plain": [
       "((1, 15, 15),\n",
       " array([[0.00, 0.18, 0.42, 0.30, 0.38, 0.99, 0.96, 0.98, 0.77, 0.43, 0.51,\n",
       "         1.27, 1.34, 0.23, 0.17],\n",
       "        [0.18, 0.00, 0.42, 0.30, 0.38, 0.99, 0.96, 0.98, 0.77, 0.43, 0.51,\n",
       "         1.27, 1.34, 0.23, 0.17],\n",
       "        [0.42, 0.42, 0.00, 0.23, 0.13, 0.96, 0.94, 0.98, 0.54, 0.15, 0.20,\n",
       "         1.64, 1.64, 0.28, 0.43],\n",
       "        [0.30, 0.30, 0.23, 0.00, 0.21, 0.98, 0.95, 0.95, 0.61, 0.27, 0.35,\n",
       "         1.28, 1.45, 0.18, 0.30],\n",
       "        [0.38, 0.38, 0.13, 0.21, 0.00, 0.96, 0.95, 0.96, 0.59, 0.16, 0.23,\n",
       "         1.55, 1.55, 0.25, 0.39],\n",
       "        [0.99, 0.99, 0.96, 0.98, 0.96, 0.00, 0.86, 0.89, 0.96, 0.96, 0.95,\n",
       "         1.03, 0.99, 0.97, 0.99],\n",
       "        [0.96, 0.96, 0.94, 0.95, 0.95, 0.86, 0.00, 0.29, 0.99, 0.86, 0.80,\n",
       "         0.88, 0.80, 0.87, 0.94],\n",
       "        [0.98, 0.98, 0.98, 0.95, 0.96, 0.89, 0.29, 0.00, 1.01, 0.94, 0.90,\n",
       "         0.90, 0.86, 0.90, 0.96],\n",
       "        [0.77, 0.77, 0.54, 0.61, 0.59, 0.96, 0.99, 1.01, 0.00, 0.59, 0.62,\n",
       "         1.19, 1.44, 0.68, 0.78],\n",
       "        [0.43, 0.43, 0.15, 0.27, 0.16, 0.96, 0.86, 0.94, 0.59, 0.00, 0.17,\n",
       "         1.37, 1.39, 0.27, 0.45],\n",
       "        [0.51, 0.51, 0.20, 0.35, 0.23, 0.95, 0.80, 0.90, 0.62, 0.17, 0.00,\n",
       "         1.29, 1.28, 0.31, 0.51],\n",
       "        [1.27, 1.27, 1.64, 1.28, 1.55, 1.03, 0.88, 0.90, 1.19, 1.37, 1.29,\n",
       "         0.00, 0.34, 1.27, 1.28],\n",
       "        [1.34, 1.34, 1.64, 1.45, 1.55, 0.99, 0.80, 0.86, 1.44, 1.39, 1.28,\n",
       "         0.34, 0.00, 1.37, 1.34],\n",
       "        [0.23, 0.23, 0.28, 0.18, 0.25, 0.97, 0.87, 0.90, 0.68, 0.27, 0.31,\n",
       "         1.27, 1.37, 0.00, 0.24],\n",
       "        [0.17, 0.17, 0.43, 0.30, 0.39, 0.99, 0.94, 0.96, 0.78, 0.45, 0.51,\n",
       "         1.28, 1.34, 0.24, 0.00]]))"
      ]
     },
     "execution_count": 470,
     "metadata": {},
     "output_type": "execute_result"
    }
   ],
   "source": [
    "relative_variance = var_diff_dependent / var_diff_independent \n",
    "# relative_variance_pairs = relative_variance[:, *np.triu_indices(n, k=1)]\n",
    "# assert relative_variance_pairs.shape[1] == n*(n-1)/2\n",
    "relative_variance.shape, relative_variance[0]"
   ]
  },
  {
   "cell_type": "code",
   "execution_count": 471,
   "metadata": {},
   "outputs": [],
   "source": [
    "batch_indices = np.arange(num_games)[:, None]\n",
    "relative_variance_pairs = relative_variance[\n",
    "    batch_indices,\n",
    "    sorted_indices[:, :-1],\n",
    "    sorted_indices[:, 1:]\n",
    "]"
   ]
  },
  {
   "cell_type": "code",
   "execution_count": 472,
   "metadata": {},
   "outputs": [
    {
     "data": {
      "text/plain": [
       "array([0.17, 0.18, 0.23, 0.18, 0.21, 0.16, 0.15, 0.20, 0.62, 1.01, 0.29,\n",
       "       0.86, 1.03, 0.34])"
      ]
     },
     "execution_count": 472,
     "metadata": {},
     "output_type": "execute_result"
    }
   ],
   "source": [
    "relative_variance_pairs[0]"
   ]
  },
  {
   "cell_type": "code",
   "execution_count": 473,
   "metadata": {},
   "outputs": [
    {
     "data": {
      "text/plain": [
       "(1, 14)"
      ]
     },
     "execution_count": 473,
     "metadata": {},
     "output_type": "execute_result"
    }
   ],
   "source": [
    "relative_variance_pairs.shape"
   ]
  },
  {
   "cell_type": "code",
   "execution_count": 474,
   "metadata": {},
   "outputs": [],
   "source": [
    "plt.style.use(plt.style.library['ggplot'])\n",
    "plt.rcParams.update({'font.size': 12})\n",
    "plt.rcParams['legend.frameon'] = False\n",
    "plt.rcParams['lines.markersize'] = 10"
   ]
  },
  {
   "cell_type": "code",
   "execution_count": 475,
   "metadata": {},
   "outputs": [],
   "source": [
    "# histograms = []\n",
    "# sub_x = 5\n",
    "# sub_y = int(np.ceil(num_games/sub_x))\n",
    "# fig, ax = plt.subplots(sub_y, sub_x, figsize=(6*sub_x,5*sub_y), dpi=100)\n",
    "# for index, var in enumerate(relative_variance_pairs):\n",
    "#     counts, edges = np.histogram(var, bins=20, range=(0,2))\n",
    "#     x = edges[:-1]\n",
    "#     widths = edges[1:] - edges[:-1]\n",
    "#     area = counts * widths\n",
    "#     density = area / np.sum(area)\n",
    "#     i, j = index // sub_x, index % sub_x\n",
    "#     ax[i,j].set_ylim(0, 1)\n",
    "#     ax[i, j].bar(x, density, widths)\n",
    "# fig.show()\n",
    "# plt.savefig(f\"results/difference_variance_evaluation/{game_type}({game_name})_all_games_all_pairs\", bbox_inches='tight')"
   ]
  },
  {
   "cell_type": "code",
   "execution_count": 476,
   "metadata": {},
   "outputs": [
    {
     "data": {
      "text/plain": [
       "(14,)"
      ]
     },
     "execution_count": 476,
     "metadata": {},
     "output_type": "execute_result"
    }
   ],
   "source": [
    "all_games_relative_variance_pairs = relative_variance_pairs.reshape(-1)\n",
    "all_games_relative_variance_pairs.shape"
   ]
  },
  {
   "cell_type": "code",
   "execution_count": 477,
   "metadata": {},
   "outputs": [
    {
     "data": {
